a = [5.0                 , 5.1                ]
b = [1.0                 , 2.0                ]
c = [0.36                , 0.899              ]
d = [-1.0                , 1.0                ]
a+b= [5.999999999999999   , 7.1000000000000005 ]
c inter d= [0.36                , 0.899              ]
a*b= [1.7999999999999996  , 4.584900000000001  ]
sin(a)= [-0.9589242746631389 , -0.9258146823277316]
cos(b)= [-0.4161468365471433 , 0.5403023058681402 ]
midpoint(d)= [0.0                 , 0.0                ]
